

COLOR_CODE_CLUST <- c("4" = "#ff7b7b",
                "6" = "red4",
                "11" = "#ff0000",
                "1" = "#536878",
                "2" = "#03396c",
                "3" = "#005b96",
                "5" = "#005b96",
                "7" = "#6497b1",
                "8" = "#b3cde0",
                "9" = "#99ccff",
                "10" = "#77aaff",
                "12" = "darkblue") 

COLOR_CODE_CLUST_v2 <- c("4" = "#ff7b7b",
                      "6" = "#A30000",
                      "11" = "#ff0000",
                      "1" = "#536878",
                      "2" = "#03396c",
                      "3" = "#005b96",
                      "5" = "#005b96",
                      "7" = "#6497b1",
                      "8" = "#b3cde0",
                      "9" = "#750000",
                      "10" = "#77aaff",
                      "12" = "darkblue") 


COLOR_CODE <- c("MES (4)" = "#ff7b7b",
                "MES (6)" = "red4",
                "MES (11)" = "#ff0000",
                "SMYP (1)" = "#536878",
                "ADRN (2)" = "#03396c",
                "ADRN (3)" = "#005b96",
                "ADRN (5)" = "#005b96",
                "ADRN (7)" = "#6497b1",
                "ADRN (8)" = "#b3cde0",
                "ADRN (9)" = "#99ccff",
                "ADRN (10)" = "#77aaff",
                "ADRN (12)" = "darkblue") 

COLOR_CODE_v2 <- c("SMYP (1)" = "#536878",
                   "ADRN (10)" = "#77aaff",
                   "MES (11)" = "#ff0000",
                   "ADRN (12)" = "darkblue",
                   "ADRN (2)" = "#03396c",
                   "ADRN (3)" = "#005b96",
                   "MES (4)" = "#ff7b7b",
                   "ADRN (5)" = "#005b96",
                   "MES (6)" = "red4",
                   "ADRN (7)" = "#6497b1",
                   "ADRN (8)" = "#b3cde0",
                   "ADRN (9)" = "#99ccff")


COLOR_CODE_v3 <- c("SMYP (1)" = "#536878",
                   "ADRN (10)" = "#77aaff",
                   "MES (11)" = "#ff0000",
                   "ADRN (12)" = "darkblue",
                   "ADRN (2)" = "#03396c",
                   "ADRN (3)" = "#005b96",
                   "MES (4)" = "#ff7b7b",
                   "ADRN (5)" = "#005b96",
                   "MES (6)" = "#A30000",
                   "ADRN (7)" = "#6497b1",
                   "ADRN (8)" = "#b3cde0",
                   "ADRN (9)" = "#750000")

                   


